8, 6
24, 6
40, 6
56, 6
72, 6
88, 6
104, 6
120, 6
136, 6
152, 6
168, 6
184, 6
200, 6
216, 6
232, 6
248, 6
264, 6
280, 6
296, 6
312, 6
328, 6
344, 6
360, 6
376, 6
392, 6
408, 6
424, 6
440, 6
456, 6
472, 6
488, 6
504, 6
520, 6
536, 6
552, 6
568, 6
584, 6
600, 6
616, 6
632, 6
648, 6
664, 6
680, 6
696, 6
712, 6
728, 6
744, 6
760, 6
776, 6
792, 6
8, 18
24, 18
40, 18
56, 18
72, 18
88, 18
104, 18
120, 18
136, 18
152, 18
168, 18
184, 18
200, 18
216, 18
232, 18
248, 18
264, 18
280, 18
296, 18
312, 18
328, 18
344, 18
360, 18
376, 18
392, 18
408, 18
424, 18
440, 18
456, 18
472, 18
488, 18
504, 18
520, 18
536, 18
552, 18
568, 18
584, 18
600, 18
616, 18
632, 18
648, 18
664, 18
680, 18
696, 18
712, 18
728, 18
744, 18
760, 18
776, 18
792, 18
8, 30
24, 30
40, 30
56, 30
72, 30
88, 30
104, 30
120, 30
136, 30
152, 30
168, 30
184, 30
200, 30
216, 30
232, 30
248, 30
264, 30
280, 30
296, 30
312, 30
328, 30
344, 30
360, 30
376, 30
392, 30
408, 30
424, 30
440, 30
456, 30
472, 30
488, 30
504, 30
520, 30
536, 30
552, 30
568, 30
584, 30
600, 30
616, 30
632, 30
648, 30
664, 30
680, 30
696, 30
712, 30
728, 30
744, 30
760, 30
776, 30
792, 30
8, 42
24, 42
40, 42
56, 42
72, 42
88, 42
104, 42
120, 42
136, 42
152, 42
168, 42
184, 42
200, 42
216, 42
232, 42
248, 42
264, 42
280, 42
296, 42
312, 42
328, 42
344, 42
360, 42
376, 42
392, 42
408, 42
424, 42
440, 42
456, 42
472, 42
488, 42
504, 42
520, 42
536, 42
552, 42
568, 42
584, 42
600, 42
616, 42
632, 42
648, 42
664, 42
680, 42
696, 42
712, 42
728, 42
744, 42
760, 42
776, 42
792, 42
8, 54
24, 54
40, 54
56, 54
72, 54
88, 54
104, 54
120, 54
136, 54
152, 54
168, 54
184, 54
200, 54
216, 54
232, 54
248, 54
264, 54
280, 54
296, 54
312, 54
328, 54
344, 54
360, 54
376, 54
392, 54
408, 54
424, 54
440, 54
456, 54
472, 54
488, 54
504, 54
520, 54
536, 54
552, 54
568, 54
584, 54
600, 54
616, 54
632, 54
648, 54
664, 54
680, 54
696, 54
712, 54
728, 54
744, 54
760, 54
776, 54
792, 54
8, 66
24, 66
40, 66
56, 66
72, 66
88, 66
104, 66
120, 66
136, 66
152, 66
168, 66
184, 66
200, 66
216, 66
232, 66
248, 66
264, 66
280, 66
296, 66
312, 66
328, 66
344, 66
360, 66
376, 66
392, 66
408, 66
424, 66
440, 66
456, 66
472, 66
488, 66
504, 66
520, 66
536, 66
552, 66
568, 66
584, 66
600, 66
616, 66
632, 66
648, 66
664, 66
680, 66
696, 66
712, 66
728, 66
744, 66
760, 66
776, 66
792, 66
8, 78
24, 78
40, 78
56, 78
72, 78
88, 78
104, 78
120, 78
136, 78
152, 78
168, 78
184, 78
200, 78
216, 78
232, 78
248, 78
264, 78
280, 78
296, 78
312, 78
328, 78
344, 78
360, 78
376, 78
392, 78
408, 78
424, 78
440, 78
456, 78
472, 78
488, 78
504, 78
520, 78
536, 78
552, 78
568, 78
584, 78
600, 78
616, 78
632, 78
648, 78
664, 78
680, 78
696, 78
712, 78
728, 78
744, 78
760, 78
776, 78
792, 78
8, 90
24, 90
40, 90
56, 90
72, 90
88, 90
104, 90
120, 90
136, 90
152, 90
168, 90
184, 90
200, 90
216, 90
232, 90
248, 90
264, 90
280, 90
296, 90
312, 90
328, 90
344, 90
360, 90
376, 90
392, 90
408, 90
424, 90
440, 90
456, 90
472, 90
488, 90
504, 90
520, 90
536, 90
552, 90
568, 90
584, 90
600, 90
616, 90
632, 90
648, 90
664, 90
680, 90
696, 90
712, 90
728, 90
744, 90
760, 90
776, 90
792, 90
8, 102
24, 102
40, 102
56, 102
72, 102
88, 102
104, 102
120, 102
136, 102
152, 102
168, 102
184, 102
200, 102
216, 102
232, 102
248, 102
264, 102
280, 102
296, 102
312, 102
328, 102
344, 102
360, 102
376, 102
392, 102
408, 102
424, 102
440, 102
456, 102
472, 102
488, 102
504, 102
520, 102
536, 102
552, 102
568, 102
584, 102
600, 102
616, 102
632, 102
648, 102
664, 102
680, 102
696, 102
712, 102
728, 102
744, 102
760, 102
776, 102
792, 102
8, 114
24, 114
40, 114
56, 114
72, 114
88, 114
104, 114
120, 114
136, 114
152, 114
168, 114
184, 114
200, 114
216, 114
232, 114
248, 114
264, 114
280, 114
296, 114
312, 114
328, 114
344, 114
360, 114
376, 114
392, 114
408, 114
424, 114
440, 114
456, 114
472, 114
488, 114
504, 114
520, 114
536, 114
552, 114
568, 114
584, 114
600, 114
616, 114
632, 114
648, 114
664, 114
680, 114
696, 114
712, 114
728, 114
744, 114
760, 114
776, 114
792, 114
8, 126
24, 126
40, 126
56, 126
72, 126
88, 126
104, 126
120, 126
136, 126
152, 126
168, 126
184, 126
200, 126
216, 126
232, 126
248, 126
264, 126
280, 126
296, 126
312, 126
328, 126
344, 126
360, 126
376, 126
392, 126
408, 126
424, 126
440, 126
456, 126
472, 126
488, 126
504, 126
520, 126
536, 126
552, 126
568, 126
584, 126
600, 126
616, 126
632, 126
648, 126
664, 126
680, 126
696, 126
712, 126
728, 126
744, 126
760, 126
776, 126
792, 126
8, 138
24, 138
40, 138
56, 138
72, 138
88, 138
104, 138
120, 138
136, 138
152, 138
168, 138
184, 138
200, 138
216, 138
232, 138
248, 138
264, 138
280, 138
296, 138
312, 138
328, 138
344, 138
360, 138
376, 138
392, 138
408, 138
424, 138
440, 138
456, 138
472, 138
488, 138
504, 138
520, 138
536, 138
552, 138
568, 138
584, 138
600, 138
616, 138
632, 138
648, 138
664, 138
680, 138
696, 138
712, 138
728, 138
744, 138
760, 138
776, 138
792, 138
8, 150
24, 150
40, 150
56, 150
72, 150
88, 150
104, 150
120, 150
136, 150
152, 150
168, 150
184, 150
200, 150
216, 150
232, 150
248, 150
264, 150
280, 150
296, 150
312, 150
328, 150
344, 150
360, 150
376, 150
392, 150
408, 150
424, 150
440, 150
456, 150
472, 150
488, 150
504, 150
520, 150
536, 150
552, 150
568, 150
584, 150
600, 150
616, 150
632, 150
648, 150
664, 150
680, 150
696, 150
712, 150
728, 150
744, 150
760, 150
776, 150
792, 150
8, 162
24, 162
40, 162
56, 162
72, 162
88, 162
104, 162
120, 162
136, 162
152, 162
168, 162
184, 162
200, 162
216, 162
232, 162
248, 162
264, 162
280, 162
296, 162
312, 162
328, 162
344, 162
360, 162
376, 162
392, 162
408, 162
424, 162
440, 162
456, 162
472, 162
488, 162
504, 162
520, 162
536, 162
552, 162
568, 162
584, 162
600, 162
616, 162
632, 162
648, 162
664, 162
680, 162
696, 162
712, 162
728, 162
744, 162
760, 162
776, 162
792, 162
8, 174
24, 174
40, 174
56, 174
72, 174
88, 174
104, 174
120, 174
136, 174
152, 174
168, 174
184, 174
200, 174
216, 174
232, 174
248, 174
264, 174
280, 174
296, 174
312, 174
328, 174
344, 174
360, 174
376, 174
392, 174
408, 174
424, 174
440, 174
456, 174
472, 174
488, 174
504, 174
520, 174
536, 174
552, 174
568, 174
584, 174
600, 174
616, 174
632, 174
648, 174
664, 174
680, 174
696, 174
712, 174
728, 174
744, 174
760, 174
776, 174
792, 174
8, 186
24, 186
40, 186
56, 186
72, 186
88, 186
104, 186
120, 186
136, 186
152, 186
168, 186
184, 186
200, 186
216, 186
232, 186
248, 186
264, 186
280, 186
296, 186
312, 186
328, 186
344, 186
360, 186
376, 186
392, 186
408, 186
424, 186
440, 186
456, 186
472, 186
488, 186
504, 186
520, 186
536, 186
552, 186
568, 186
584, 186
600, 186
616, 186
632, 186
648, 186
664, 186
680, 186
696, 186
712, 186
728, 186
744, 186
760, 186
776, 186
792, 186
8, 198
24, 198
40, 198
56, 198
72, 198
88, 198
104, 198
120, 198
136, 198
152, 198
168, 198
184, 198
200, 198
216, 198
232, 198
248, 198
264, 198
280, 198
296, 198
312, 198
328, 198
344, 198
360, 198
376, 198
392, 198
408, 198
424, 198
440, 198
456, 198
472, 198
488, 198
504, 198
520, 198
536, 198
552, 198
568, 198
584, 198
600, 198
616, 198
632, 198
648, 198
664, 198
680, 198
696, 198
712, 198
728, 198
744, 198
760, 198
776, 198
792, 198
8, 210
24, 210
40, 210
56, 210
72, 210
88, 210
104, 210
120, 210
136, 210
152, 210
168, 210
184, 210
200, 210
216, 210
232, 210
248, 210
264, 210
280, 210
296, 210
312, 210
328, 210
344, 210
360, 210
376, 210
392, 210
408, 210
424, 210
440, 210
456, 210
472, 210
488, 210
504, 210
520, 210
536, 210
552, 210
568, 210
584, 210
600, 210
616, 210
632, 210
648, 210
664, 210
680, 210
696, 210
712, 210
728, 210
744, 210
760, 210
776, 210
792, 210
8, 222
24, 222
40, 222
56, 222
72, 222
88, 222
104, 222
120, 222
136, 222
152, 222
168, 222
184, 222
200, 222
216, 222
232, 222
248, 222
264, 222
280, 222
296, 222
312, 222
328, 222
344, 222
360, 222
376, 222
392, 222
408, 222
424, 222
440, 222
456, 222
472, 222
488, 222
504, 222
520, 222
536, 222
552, 222
568, 222
584, 222
600, 222
616, 222
632, 222
648, 222
664, 222
680, 222
696, 222
712, 222
728, 222
744, 222
760, 222
776, 222
792, 222
8, 234
24, 234
40, 234
56, 234
72, 234
88, 234
104, 234
120, 234
136, 234
152, 234
168, 234
184, 234
200, 234
216, 234
232, 234
248, 234
264, 234
280, 234
296, 234
312, 234
328, 234
344, 234
360, 234
376, 234
392, 234
408, 234
424, 234
440, 234
456, 234
472, 234
488, 234
504, 234
520, 234
536, 234
552, 234
568, 234
584, 234
600, 234
616, 234
632, 234
648, 234
664, 234
680, 234
696, 234
712, 234
728, 234
744, 234
760, 234
776, 234
792, 234
8, 246
24, 246
40, 246
56, 246
72, 246
88, 246
104, 246
120, 246
136, 246
152, 246
168, 246
184, 246
200, 246
216, 246
232, 246
248, 246
264, 246
280, 246
296, 246
312, 246
328, 246
344, 246
360, 246
376, 246
392, 246
408, 246
424, 246
440, 246
456, 246
472, 246
488, 246
504, 246
520, 246
536, 246
552, 246
568, 246
584, 246
600, 246
616, 246
632, 246
648, 246
664, 246
680, 246
696, 246
712, 246
728, 246
744, 246
760, 246
776, 246
792, 246
8, 258
24, 258
40, 258
56, 258
72, 258
88, 258
104, 258
120, 258
136, 258
152, 258
168, 258
184, 258
200, 258
216, 258
232, 258
248, 258
264, 258
280, 258
296, 258
312, 258
328, 258
344, 258
360, 258
376, 258
392, 258
408, 258
424, 258
440, 258
456, 258
472, 258
488, 258
504, 258
520, 258
536, 258
552, 258
568, 258
584, 258
600, 258
616, 258
632, 258
648, 258
664, 258
680, 258
696, 258
712, 258
728, 258
744, 258
760, 258
776, 258
792, 258
8, 270
24, 270
40, 270
56, 270
72, 270
88, 270
104, 270
120, 270
136, 270
152, 270
168, 270
184, 270
200, 270
216, 270
232, 270
248, 270
264, 270
280, 270
296, 270
312, 270
328, 270
344, 270
360, 270
376, 270
392, 270
408, 270
424, 270
440, 270
456, 270
472, 270
488, 270
504, 270
520, 270
536, 270
552, 270
568, 270
584, 270
600, 270
616, 270
632, 270
648, 270
664, 270
680, 270
696, 270
712, 270
728, 270
744, 270
760, 270
776, 270
792, 270
8, 282
24, 282
40, 282
56, 282
72, 282
88, 282
104, 282
120, 282
136, 282
152, 282
168, 282
184, 282
200, 282
216, 282
232, 282
248, 282
264, 282
280, 282
296, 282
312, 282
328, 282
344, 282
360, 282
376, 282
392, 282
408, 282
424, 282
440, 282
456, 282
472, 282
488, 282
504, 282
520, 282
536, 282
552, 282
568, 282
584, 282
600, 282
616, 282
632, 282
648, 282
664, 282
680, 282
696, 282
712, 282
728, 282
744, 282
760, 282
776, 282
792, 282
8, 294
24, 294
40, 294
56, 294
72, 294
88, 294
104, 294
120, 294
136, 294
152, 294
168, 294
184, 294
200, 294
216, 294
232, 294
248, 294
264, 294
280, 294
296, 294
312, 294
328, 294
344, 294
360, 294
376, 294
392, 294
408, 294
424, 294
440, 294
456, 294
472, 294
488, 294
504, 294
520, 294
536, 294
552, 294
568, 294
584, 294
600, 294
616, 294
632, 294
648, 294
664, 294
680, 294
696, 294
712, 294
728, 294
744, 294
760, 294
776, 294
792, 294
8, 306
24, 306
40, 306
56, 306
72, 306
88, 306
104, 306
120, 306
136, 306
152, 306
168, 306
184, 306
200, 306
216, 306
232, 306
248, 306
264, 306
280, 306
296, 306
312, 306
328, 306
344, 306
360, 306
376, 306
392, 306
408, 306
424, 306
440, 306
456, 306
472, 306
488, 306
504, 306
520, 306
536, 306
552, 306
568, 306
584, 306
600, 306
616, 306
632, 306
648, 306
664, 306
680, 306
696, 306
712, 306
728, 306
744, 306
760, 306
776, 306
792, 306
8, 318
24, 318
40, 318
56, 318
72, 318
88, 318
104, 318
120, 318
136, 318
152, 318
168, 318
184, 318
200, 318
216, 318
232, 318
248, 318
264, 318
280, 318
296, 318
312, 318
328, 318
344, 318
360, 318
376, 318
392, 318
408, 318
424, 318
440, 318
456, 318
472, 318
488, 318
504, 318
520, 318
536, 318
552, 318
568, 318
584, 318
600, 318
616, 318
632, 318
648, 318
664, 318
680, 318
696, 318
712, 318
728, 318
744, 318
760, 318
776, 318
792, 318
8, 330
24, 330
40, 330
56, 330
72, 330
88, 330
104, 330
120, 330
136, 330
152, 330
168, 330
184, 330
200, 330
216, 330
232, 330
248, 330
264, 330
280, 330
296, 330
312, 330
328, 330
344, 330
360, 330
376, 330
392, 330
408, 330
424, 330
440, 330
456, 330
472, 330
488, 330
504, 330
520, 330
536, 330
552, 330
568, 330
584, 330
600, 330
616, 330
632, 330
648, 330
664, 330
680, 330
696, 330
712, 330
728, 330
744, 330
760, 330
776, 330
792, 330
8, 342
24, 342
40, 342
56, 342
72, 342
88, 342
104, 342
120, 342
136, 342
152, 342
168, 342
184, 342
200, 342
216, 342
232, 342
248, 342
264, 342
280, 342
296, 342
312, 342
328, 342
344, 342
360, 342
376, 342
392, 342
408, 342
424, 342
440, 342
456, 342
472, 342
488, 342
504, 342
520, 342
536, 342
552, 342
568, 342
584, 342
600, 342
616, 342
632, 342
648, 342
664, 342
680, 342
696, 342
712, 342
728, 342
744, 342
760, 342
776, 342
792, 342
8, 354
24, 354
40, 354
56, 354
72, 354
88, 354
104, 354
120, 354
136, 354
152, 354
168, 354
184, 354
200, 354
216, 354
232, 354
248, 354
264, 354
280, 354
296, 354
312, 354
328, 354
344, 354
360, 354
376, 354
392, 354
408, 354
424, 354
440, 354
456, 354
472, 354
488, 354
504, 354
520, 354
536, 354
552, 354
568, 354
584, 354
600, 354
616, 354
632, 354
648, 354
664, 354
680, 354
696, 354
712, 354
728, 354
744, 354
760, 354
776, 354
792, 354
8, 366
24, 366
40, 366
56, 366
72, 366
88, 366
104, 366
120, 366
136, 366
152, 366
168, 366
184, 366
200, 366
216, 366
232, 366
248, 366
264, 366
280, 366
296, 366
312, 366
328, 366
344, 366
360, 366
376, 366
392, 366
408, 366
424, 366
440, 366
456, 366
472, 366
488, 366
504, 366
520, 366
536, 366
552, 366
568, 366
584, 366
600, 366
616, 366
632, 366
648, 366
664, 366
680, 366
696, 366
712, 366
728, 366
744, 366
760, 366
776, 366
792, 366
8, 378
24, 378
40, 378
56, 378
72, 378
88, 378
104, 378
120, 378
136, 378
152, 378
168, 378
184, 378
200, 378
216, 378
232, 378
248, 378
264, 378
280, 378
296, 378
312, 378
328, 378
344, 378
360, 378
376, 378
392, 378
408, 378
424, 378
440, 378
456, 378
472, 378
488, 378
504, 378
520, 378
536, 378
552, 378
568, 378
584, 378
600, 378
616, 378
632, 378
648, 378
664, 378
680, 378
696, 378
712, 378
728, 378
744, 378
760, 378
776, 378
792, 378
8, 390
24, 390
40, 390
56, 390
72, 390
88, 390
104, 390
120, 390
136, 390
152, 390
168, 390
184, 390
200, 390
216, 390
232, 390
248, 390
264, 390
280, 390
296, 390
312, 390
328, 390
344, 390
360, 390
376, 390
392, 390
408, 390
424, 390
440, 390
456, 390
472, 390
488, 390
504, 390
520, 390
536, 390
552, 390
568, 390
584, 390
600, 390
616, 390
632, 390
648, 390
664, 390
680, 390
696, 390
712, 390
728, 390
744, 390
760, 390
776, 390
792, 390
8, 402
24, 402
40, 402
56, 402
72, 402
88, 402
104, 402
120, 402
136, 402
152, 402
168, 402
184, 402
200, 402
216, 402
232, 402
248, 402
264, 402
280, 402
296, 402
312, 402
328, 402
344, 402
360, 402
376, 402
392, 402
408, 402
424, 402
440, 402
456, 402
472, 402
488, 402
504, 402
520, 402
536, 402
552, 402
568, 402
584, 402
600, 402
616, 402
632, 402
648, 402
664, 402
680, 402
696, 402
712, 402
728, 402
744, 402
760, 402
776, 402
792, 402
8, 414
24, 414
40, 414
56, 414
72, 414
88, 414
104, 414
120, 414
136, 414
152, 414
168, 414
184, 414
200, 414
216, 414
232, 414
248, 414
264, 414
280, 414
296, 414
312, 414
328, 414
344, 414
360, 414
376, 414
392, 414
408, 414
424, 414
440, 414
456, 414
472, 414
488, 414
504, 414
520, 414
536, 414
552, 414
568, 414
584, 414
600, 414
616, 414
632, 414
648, 414
664, 414
680, 414
696, 414
712, 414
728, 414
744, 414
760, 414
776, 414
792, 414
8, 426
24, 426
40, 426
56, 426
72, 426
88, 426
104, 426
120, 426
136, 426
152, 426
168, 426
184, 426
200, 426
216, 426
232, 426
248, 426
264, 426
280, 426
296, 426
312, 426
328, 426
344, 426
360, 426
376, 426
392, 426
408, 426
424, 426
440, 426
456, 426
472, 426
488, 426
504, 426
520, 426
536, 426
552, 426
568, 426
584, 426
600, 426
616, 426
632, 426
648, 426
664, 426
680, 426
696, 426
712, 426
728, 426
744, 426
760, 426
776, 426
792, 426
8, 438
24, 438
40, 438
56, 438
72, 438
88, 438
104, 438
120, 438
136, 438
152, 438
168, 438
184, 438
200, 438
216, 438
232, 438
248, 438
264, 438
280, 438
296, 438
312, 438
328, 438
344, 438
360, 438
376, 438
392, 438
408, 438
424, 438
440, 438
456, 438
472, 438
488, 438
504, 438
520, 438
536, 438
552, 438
568, 438
584, 438
600, 438
616, 438
632, 438
648, 438
664, 438
680, 438
696, 438
712, 438
728, 438
744, 438
760, 438
776, 438
792, 438
8, 450
24, 450
40, 450
56, 450
72, 450
88, 450
104, 450
120, 450
136, 450
152, 450
168, 450
184, 450
200, 450
216, 450
232, 450
248, 450
264, 450
280, 450
296, 450
312, 450
328, 450
344, 450
360, 450
376, 450
392, 450
408, 450
424, 450
440, 450
456, 450
472, 450
488, 450
504, 450
520, 450
536, 450
552, 450
568, 450
584, 450
600, 450
616, 450
632, 450
648, 450
664, 450
680, 450
696, 450
712, 450
728, 450
744, 450
760, 450
776, 450
792, 450
8, 462
24, 462
40, 462
56, 462
72, 462
88, 462
104, 462
120, 462
136, 462
152, 462
168, 462
184, 462
200, 462
216, 462
232, 462
248, 462
264, 462
280, 462
296, 462
312, 462
328, 462
344, 462
360, 462
376, 462
392, 462
408, 462
424, 462
440, 462
456, 462
472, 462
488, 462
504, 462
520, 462
536, 462
552, 462
568, 462
584, 462
600, 462
616, 462
632, 462
648, 462
664, 462
680, 462
696, 462
712, 462
728, 462
744, 462
760, 462
776, 462
792, 462
8, 474
24, 474
40, 474
56, 474
72, 474
88, 474
104, 474
120, 474
136, 474
152, 474
168, 474
184, 474
200, 474
216, 474
232, 474
248, 474
264, 474
280, 474
296, 474
312, 474
328, 474
344, 474
360, 474
376, 474
392, 474
408, 474
424, 474
440, 474
456, 474
472, 474
488, 474
504, 474
520, 474
536, 474
552, 474
568, 474
584, 474
600, 474
616, 474
632, 474
648, 474
664, 474
680, 474
696, 474
712, 474
728, 474
744, 474
760, 474
776, 474
792, 474
8, 486
24, 486
40, 486
56, 486
72, 486
88, 486
104, 486
120, 486
136, 486
152, 486
168, 486
184, 486
200, 486
216, 486
232, 486
248, 486
264, 486
280, 486
296, 486
312, 486
328, 486
344, 486
360, 486
376, 486
392, 486
408, 486
424, 486
440, 486
456, 486
472, 486
488, 486
504, 486
520, 486
536, 486
552, 486
568, 486
584, 486
600, 486
616, 486
632, 486
648, 486
664, 486
680, 486
696, 486
712, 486
728, 486
744, 486
760, 486
776, 486
792, 486
8, 498
24, 498
40, 498
56, 498
72, 498
88, 498
104, 498
120, 498
136, 498
152, 498
168, 498
184, 498
200, 498
216, 498
232, 498
248, 498
264, 498
280, 498
296, 498
312, 498
328, 498
344, 498
360, 498
376, 498
392, 498
408, 498
424, 498
440, 498
456, 498
472, 498
488, 498
504, 498
520, 498
536, 498
552, 498
568, 498
584, 498
600, 498
616, 498
632, 498
648, 498
664, 498
680, 498
696, 498
712, 498
728, 498
744, 498
760, 498
776, 498
792, 498
8, 510
24, 510
40, 510
56, 510
72, 510
88, 510
104, 510
120, 510
136, 510
152, 510
168, 510
184, 510
200, 510
216, 510
232, 510
248, 510
264, 510
280, 510
296, 510
312, 510
328, 510
344, 510
360, 510
376, 510
392, 510
408, 510
424, 510
440, 510
456, 510
472, 510
488, 510
504, 510
520, 510
536, 510
552, 510
568, 510
584, 510
600, 510
616, 510
632, 510
648, 510
664, 510
680, 510
696, 510
712, 510
728, 510
744, 510
760, 510
776, 510
792, 510
8, 522
24, 522
40, 522
56, 522
72, 522
88, 522
104, 522
120, 522
136, 522
152, 522
168, 522
184, 522
200, 522
216, 522
232, 522
248, 522
264, 522
280, 522
296, 522
312, 522
328, 522
344, 522
360, 522
376, 522
392, 522
408, 522
424, 522
440, 522
456, 522
472, 522
488, 522
504, 522
520, 522
536, 522
552, 522
568, 522
584, 522
600, 522
616, 522
632, 522
648, 522
664, 522
680, 522
696, 522
712, 522
728, 522
744, 522
760, 522
776, 522
792, 522
8, 534
24, 534
40, 534
56, 534
72, 534
88, 534
104, 534
120, 534
136, 534
152, 534
168, 534
184, 534
200, 534
216, 534
232, 534
248, 534
264, 534
280, 534
296, 534
312, 534
328, 534
344, 534
360, 534
376, 534
392, 534
408, 534
424, 534
440, 534
456, 534
472, 534
488, 534
504, 534
520, 534
536, 534
552, 534
568, 534
584, 534
600, 534
616, 534
632, 534
648, 534
664, 534
680, 534
696, 534
712, 534
728, 534
744, 534
760, 534
776, 534
792, 534
8, 546
24, 546
40, 546
56, 546
72, 546
88, 546
104, 546
120, 546
136, 546
152, 546
168, 546
184, 546
200, 546
216, 546
232, 546
248, 546
264, 546
280, 546
296, 546
312, 546
328, 546
344, 546
360, 546
376, 546
392, 546
408, 546
424, 546
440, 546
456, 546
472, 546
488, 546
504, 546
520, 546
536, 546
552, 546
568, 546
584, 546
600, 546
616, 546
632, 546
648, 546
664, 546
680, 546
696, 546
712, 546
728, 546
744, 546
760, 546
776, 546
792, 546
8, 558
24, 558
40, 558
56, 558
72, 558
88, 558
104, 558
120, 558
136, 558
152, 558
168, 558
184, 558
200, 558
216, 558
232, 558
248, 558
264, 558
280, 558
296, 558
312, 558
328, 558
344, 558
360, 558
376, 558
392, 558
408, 558
424, 558
440, 558
456, 558
472, 558
488, 558
504, 558
520, 558
536, 558
552, 558
568, 558
584, 558
600, 558
616, 558
632, 558
648, 558
664, 558
680, 558
696, 558
712, 558
728, 558
744, 558
760, 558
776, 558
792, 558
8, 570
24, 570
40, 570
56, 570
72, 570
88, 570
104, 570
120, 570
136, 570
152, 570
168, 570
184, 570
200, 570
216, 570
232, 570
248, 570
264, 570
280, 570
296, 570
312, 570
328, 570
344, 570
360, 570
376, 570
392, 570
408, 570
424, 570
440, 570
456, 570
472, 570
488, 570
504, 570
520, 570
536, 570
552, 570
568, 570
584, 570
600, 570
616, 570
632, 570
648, 570
664, 570
680, 570
696, 570
712, 570
728, 570
744, 570
760, 570
776, 570
792, 570
8, 582
24, 582
40, 582
56, 582
72, 582
88, 582
104, 582
120, 582
136, 582
152, 582
168, 582
184, 582
200, 582
216, 582
232, 582
248, 582
264, 582
280, 582
296, 582
312, 582
328, 582
344, 582
360, 582
376, 582
392, 582
408, 582
424, 582
440, 582
456, 582
472, 582
488, 582
504, 582
520, 582
536, 582
552, 582
568, 582
584, 582
600, 582
616, 582
632, 582
648, 582
664, 582
680, 582
696, 582
712, 582
728, 582
744, 582
760, 582
776, 582
792, 582
8, 594
24, 594
40, 594
56, 594
72, 594
88, 594
104, 594
120, 594
136, 594
152, 594
168, 594
184, 594
200, 594
216, 594
232, 594
248, 594
264, 594
280, 594
296, 594
312, 594
328, 594
344, 594
360, 594
376, 594
392, 594
408, 594
424, 594
440, 594
456, 594
472, 594
488, 594
504, 594
520, 594
536, 594
552, 594
568, 594
584, 594
600, 594
616, 594
632, 594
648, 594
664, 594
680, 594
696, 594
712, 594
728, 594
744, 594
760, 594
776, 594
792, 594
